[0, 1]	6.08
[0, 4]	8.55
[0, 6]	7.09
[0, 12]	7.29
[0, 16]	48.01
[0, 25]	9.71
[0, 27]	48.07
[0, 38]	10.32
[0, 39]	13.50
[0, 41]	8.41
[0, 44]	39.62
[0, 48]	4.35
[0, 50]	28.65
[0, 51]	5.46
[0, 53]	9.93
[0, 55]	33.62
[0, 62]	13.53
[0, 63]	11.44
[0, 68]	24.57
[0, 71]	4.76
[0, 76]	10.35
[0, 79]	12.04
[0, 92]	8.53
[1, 0]	82.81
[1, 2]	67.01
[1, 10]	4.99
[1, 12]	25.55
[1, 19]	16.07
[1, 20]	40.45
[1, 24]	86.54
[1, 25]	95.03
[1, 26]	13.49
[1, 27]	11.75
[1, 28]	26.36
[1, 29]	42.89
[1, 36]	42.10
[1, 39]	26.85
[1, 50]	14.01
[1, 53]	11.07
[1, 57]	16.64
[1, 64]	65.80
[1, 68]	8.38
[1, 81]	8.14
[1, 85]	50.74
[1, 87]	20.10
[1, 88]	12.84
[1, 91]	20.57
[1, 97]	11.28
[2, 10]	14.90
[2, 12]	32.61
[2, 18]	6.39
[2, 20]	43.68
[2, 24]	35.74
[2, 29]	5.67
[2, 36]	46.77
[2, 41]	6.79
[2, 46]	40.79
[2, 48]	11.83
[2, 50]	23.12
[2, 53]	6.52
[2, 54]	32.04
[2, 55]	44.51
[2, 59]	11.09
[2, 66]	6.72
[2, 68]	19.82
[2, 79]	9.71
[2, 83]	20.50
[2, 88]	39.04
[2, 99]	9.90
[3, 6]	35.77
[3, 21]	19.97
[3, 29]	13.94
[3, 31]	14.14
[3, 34]	36.48
[3, 36]	26.02
[3, 67]	31.17
[3, 85]	9.69
[3, 88]	32.24
[3, 90]	12.51
[3, 96]	39.59
[4, 9]	33.87
[4, 10]	6.57
[4, 19]	21.16
[4, 23]	26.81
[4, 26]	17.76
[4, 28]	64.42
[4, 29]	56.83
[4, 37]	13.79
[4, 38]	10.55
[4, 39]	35.37
[4, 43]	22.85
[4, 49]	58.45
[4, 50]	18.45
[4, 53]	9.82
[4, 54]	43.74
[4, 61]	66.18
[4, 64]	35.34
[4, 66]	42.37
[4, 69]	19.97
[4, 71]	23.21
[4, 77]	28.89
[4, 83]	36.91
[4, 86]	18.00
[4, 87]	26.47
[4, 90]	18.73
[4, 91]	44.38
[4, 92]	58.98
[4, 94]	53.22
[4, 97]	14.86
[5, 3]	38.47
[5, 4]	10.98
[5, 5]	14.83
[5, 7]	54.77
[5, 11]	22.60
[5, 15]	7.88
[5, 19]	49.02
[5, 20]	98.23
[5, 24]	10.59
[5, 26]	58.10
[5, 28]	3.48
[5, 36]	53.04
[5, 37]	33.09
[5, 44]	51.16
[5, 46]	30.64
[5, 49]	7.95
[5, 58]	64.20
[5, 59]	12.57
[5, 61]	14.09
[5, 65]	20.42
[5, 72]	44.27
[5, 77]	38.93
[5, 79]	34.24
[5, 83]	12.58
[5, 85]	26.57
[5, 86]	4.97
[5, 88]	44.27
[5, 89]	15.89
[5, 97]	36.54
[5, 98]	18.11
[5, 99]	43.93
[6, 10]	12.75
[6, 16]	5.54
[6, 31]	29.75
[6, 45]	2.99
[6, 58]	3.12
[6, 69]	7.32
[6, 81]	20.70
[6, 83]	13.53
[6, 90]	3.77
[6, 98]	21.67
[7, 0]	72.24
[7, 1]	40.08
[7, 2]	66.61
[7, 5]	38.61
[7, 6]	19.79
[7, 7]	46.28
[7, 12]	48.84
[7, 14]	146.62
[7, 15]	23.21
[7, 18]	23.15
[7, 19]	41.41
[7, 21]	35.55
[7, 22]	52.96
[7, 23]	47.45
[7, 24]	29.19
[7, 31]	6.92
[7, 32]	57.60
[7, 33]	38.00
[7, 34]	17.85
[7, 36]	12.73
[7, 37]	11.98
[7, 40]	39.67
[7, 41]	79.39
[7, 43]	55.30
[7, 44]	72.47
[7, 48]	93.89
[7, 50]	80.21
[7, 52]	35.69
[7, 53]	25.28
[7, 55]	86.68
[7, 58]	6.58
[7, 62]	47.58
[7, 67]	56.91
[7, 68]	79.18
[7, 69]	63.76
[7, 71]	35.44
[7, 73]	15.45
[7, 74]	62.50
[7, 75]	80.02
[7, 77]	24.39
[7, 79]	26.57
[7, 82]	43.13
[7, 85]	4.74
[7, 86]	48.69
[7, 87]	20.02
[7, 88]	15.78
[7, 89]	33.87
[7, 90]	64.58
[7, 92]	12.71
[7, 94]	44.92
[7, 95]	64.96
[7, 96]	50.08
[7, 97]	3.55
[7, 99]	17.59
[8, 6]	17.54
[8, 7]	31.48
[8, 11]	19.98
[8, 12]	25.29
[8, 29]	42.46
[8, 30]	4.24
[8, 37]	84.42
[8, 46]	18.33
[8, 55]	22.97
[8, 57]	59.89
[8, 67]	23.96
[8, 68]	8.29
[8, 73]	66.86
[8, 81]	8.06
[8, 85]	50.22
[8, 99]	57.26
[9, 4]	20.16
[9, 12]	17.70
[9, 17]	10.22
[9, 25]	22.87
[9, 28]	6.58
[9, 30]	36.44
[9, 31]	13.74
[9, 34]	35.45
[9, 36]	25.28
[9, 41]	20.43
[9, 50]	69.60
[9, 55]	81.65
[9, 68]	59.68
[9, 73]	44.62
[9, 79]	29.24
[9, 85]	9.41
[9, 88]	31.33
[9, 90]	12.16
[9, 92]	20.11
[9, 96]	38.47
[10, 5]	44.99
[10, 6]	63.60
[10, 12]	54.55
[10, 15]	8.65
[10, 21]	35.50
[10, 26]	32.46
[10, 28]	10.54
[10, 29]	24.79
[10, 39]	15.02
[10, 41]	22.66
[10, 44]	27.00
[10, 49]	24.12
[10, 67]	76.63
[10, 84]	28.59
[10, 86]	15.07
[10, 89]	48.19
[10, 96]	11.44
[11, 0]	21.95
[11, 5]	78.65
[11, 14]	40.96
[11, 16]	17.75
[11, 23]	14.26
[11, 26]	56.74
[11, 28]	18.43
[11, 29]	7.90
[11, 31]	95.25
[11, 35]	5.34
[11, 49]	42.17
[11, 55]	56.92
[11, 69]	17.92
[11, 70]	3.42
[11, 79]	10.46
[11, 81]	76.42
[11, 83]	43.77
[11, 86]	26.34
[11, 88]	39.97
[11, 89]	84.24
[11, 95]	22.02
[12, 1]	29.11
[12, 4]	7.08
[12, 5]	51.26
[12, 7]	35.32
[12, 10]	40.42
[12, 15]	5.08
[12, 19]	22.80
[12, 21]	3.03
[12, 22]	21.23
[12, 32]	10.26
[12, 37]	21.34
[12, 38]	49.46
[12, 40]	45.00
[12, 45]	9.47
[12, 48]	20.82
[12, 50]	22.52
[12, 51]	26.17
[12, 55]	16.57
[12, 58]	51.29
[12, 60]	12.06
[12, 62]	64.80
[12, 63]	54.80
[12, 65]	13.17
[12, 71]	22.81
[12, 72]	2.58
[12, 75]	57.65
[12, 76]	66.81
[12, 77]	25.11
[12, 80]	21.00
[12, 90]	11.95
[12, 91]	12.23
[12, 95]	40.41
[12, 97]	23.56
[12, 98]	68.69
[12, 99]	28.33
[13, 1]	48.49
[13, 5]	60.47
[13, 6]	33.93
[13, 7]	60.90
[13, 9]	35.82
[13, 14]	9.85
[13, 21]	20.39
[13, 26]	43.63
[13, 27]	44.78
[13, 28]	37.86
[13, 29]	9.67
[13, 30]	69.54
[13, 32]	52.74
[13, 35]	34.48
[13, 38]	71.98
[13, 42]	15.41
[13, 43]	18.23
[13, 44]	7.92
[13, 46]	35.47
[13, 48]	30.31
[13, 49]	32.43
[13, 51]	38.09
[13, 53]	25.24
[13, 55]	44.43
[13, 60]	10.93
[13, 62]	94.32
[13, 63]	85.25
[13, 64]	26.65
[13, 71]	33.20
[13, 76]	72.18
[13, 77]	11.52
[13, 84]	36.53
[13, 85]	7.04
[13, 86]	20.26
[13, 89]	64.78
[13, 91]	35.40
[14, 16]	16.31
[14, 26]	21.38
[14, 31]	87.52
[14, 34]	48.11
[14, 45]	52.16
[14, 56]	52.90
[14, 57]	14.76
[14, 65]	7.30
[14, 77]	74.03
[14, 81]	60.88
[14, 88]	21.95
[14, 90]	19.35
[14, 94]	54.99
[15, 0]	41.88
[15, 1]	5.49
[15, 9]	30.97
[15, 10]	3.97
[15, 14]	10.89
[15, 16]	23.18
[15, 17]	11.08
[15, 29]	36.43
[15, 32]	33.21
[15, 37]	38.22
[15, 40]	5.43
[15, 44]	31.91
[15, 47]	70.34
[15, 48]	6.26
[15, 54]	33.75
[15, 59]	11.76
[15, 60]	22.48
[15, 61]	49.19
[15, 63]	32.68
[15, 64]	37.50
[15, 70]	15.76
[15, 79]	48.23
[15, 81]	46.84
[15, 82]	13.77
[15, 93]	8.06
[16, 1]	9.50
[16, 3]	20.79
[16, 26]	61.74
[16, 40]	30.10
[16, 44]	8.66
[16, 46]	52.15
[16, 66]	130.09
[16, 72]	28.50
[16, 73]	9.56
[16, 78]	17.53
[16, 83]	36.75
[16, 91]	8.18
[16, 95]	27.04
[16, 97]	77.62
[16, 99]	16.54
[17, 6]	34.14
[17, 8]	12.40
[17, 11]	13.90
[17, 37]	18.91
[17, 45]	10.46
[17, 63]	15.51
[17, 71]	32.36
[18, 0]	48.56
[18, 2]	128.39
[18, 3]	54.42
[18, 4]	75.18
[18, 6]	23.12
[18, 7]	15.48
[18, 11]	6.15
[18, 15]	2.23
[18, 19]	13.33
[18, 20]	74.57
[18, 21]	33.56
[18, 22]	49.58
[18, 24]	95.75
[18, 25]	121.69
[18, 26]	12.89
[18, 28]	27.07
[18, 31]	96.57
[18, 36]	92.21
[18, 37]	9.35
[18, 43]	5.06
[18, 44]	13.92
[18, 46]	63.30
[18, 49]	28.40
[18, 50]	27.47
[18, 58]	18.15
[18, 60]	12.20
[18, 61]	67.49
[18, 62]	79.52
[18, 63]	41.94
[18, 64]	22.85
[18, 65]	5.77
[18, 72]	12.04
[18, 77]	67.24
[18, 79]	9.32
[18, 82]	51.89
[18, 83]	3.42
[18, 84]	101.63
[18, 85]	95.72
[18, 90]	33.87
[18, 91]	12.06
[18, 92]	71.91
[18, 95]	67.20
[18, 97]	10.33
[18, 98]	53.40
[18, 99]	12.42
[19, 8]	37.87
[19, 10]	30.94
[19, 12]	55.50
[19, 17]	6.93
[19, 24]	54.80
[19, 26]	54.78
[19, 28]	4.46
[19, 43]	47.60
[19, 46]	84.69
[19, 48]	24.56
[19, 54]	66.51
[19, 55]	36.10
[19, 65]	14.60
[19, 66]	56.92
[19, 69]	88.35
[19, 73]	30.27
[19, 83]	42.56
[19, 93]	16.87
[20, 8]	17.93
[20, 10]	25.41
[20, 16]	14.81
[20, 17]	52.19
[20, 19]	21.61
[20, 26]	18.14
[20, 28]	35.45
[20, 31]	79.50
[20, 33]	61.67
[20, 39]	36.11
[20, 43]	22.54
[20, 50]	18.84
[20, 59]	55.39
[20, 64]	90.54
[20, 80]	55.99
[20, 81]	55.31
[20, 82]	64.84
[20, 87]	27.03
[20, 93]	45.95
[20, 97]	24.03
[21, 0]	49.93
[21, 9]	38.79
[21, 12]	4.95
[21, 21]	17.33
[21, 30]	52.13
[21, 32]	44.82
[21, 33]	74.73
[21, 35]	29.30
[21, 37]	47.86
[21, 44]	39.96
[21, 46]	8.39
[21, 47]	88.09
[21, 52]	13.03
[21, 53]	65.90
[21, 60]	13.38
[21, 61]	61.60
[21, 64]	112.97
[21, 68]	4.59
[21, 70]	7.28
[21, 75]	11.16
[21, 79]	60.96
[21, 80]	67.84
[21, 83]	62.25
[21, 84]	31.04
[21, 87]	14.39
[21, 93]	40.67
[21, 97]	10.73
[22, 0]	14.41
[22, 6]	23.52
[22, 8]	5.16
[22, 11]	5.78
[22, 16]	18.58
[22, 19]	9.69
[22, 20]	11.70
[22, 21]	6.65
[22, 26]	29.70
[22, 30]	20.00
[22, 32]	43.82
[22, 34]	66.84
[22, 35]	11.24
[22, 37]	7.86
[22, 44]	19.49
[22, 45]	76.82
[22, 53]	14.60
[22, 54]	27.05
[22, 56]	73.50
[22, 57]	20.51
[22, 58]	25.03
[22, 60]	18.02
[22, 63]	32.64
[22, 65]	10.14
[22, 71]	33.47
[22, 77]	61.38
[22, 84]	11.91
[22, 88]	30.49
[23, 7]	11.77
[23, 8]	35.59
[23, 24]	8.74
[23, 43]	44.74
[23, 48]	40.87
[23, 57]	54.44
[23, 58]	1.97
[23, 71]	57.00
[23, 74]	14.02
[23, 82]	5.16
[23, 93]	15.85
[24, 7]	11.45
[24, 8]	11.93
[24, 10]	42.91
[24, 14]	21.55
[24, 26]	22.62
[24, 30]	43.08
[24, 35]	11.32
[24, 39]	21.68
[24, 53]	15.75
[24, 56]	6.61
[24, 87]	19.80
[24, 92]	18.80
[24, 97]	5.86
[25, 11]	26.48
[25, 23]	32.58
[25, 35]	37.04
[25, 39]	6.40
[25, 41]	21.66
[25, 53]	4.71
[25, 55]	24.13
[25, 56]	6.01
[25, 83]	24.32
[25, 93]	27.78
[25, 95]	50.29
[26, 1]	1.34
[26, 3]	2.92
[26, 10]	15.86
[26, 11]	2.68
[26, 12]	5.54
[26, 17]	44.26
[26, 24]	15.56
[26, 28]	12.82
[26, 29]	14.54
[26, 37]	11.32
[26, 43]	9.86
[26, 46]	7.33
[26, 51]	8.34
[26, 53]	4.24
[26, 57]	9.43
[26, 59]	46.97
[26, 66]	12.49
[26, 67]	3.21
[26, 68]	1.82
[26, 70]	13.11
[26, 73]	8.97
[26, 81]	1.77
[26, 82]	67.24
[26, 83]	28.53
[26, 85]	11.01
[26, 91]	19.15
[26, 93]	32.20
[26, 99]	7.68
[27, 6]	9.70
[27, 8]	14.28
[27, 16]	65.72
[27, 19]	46.10
[27, 21]	6.13
[27, 24]	43.52
[27, 27]	65.80
[27, 32]	20.75
[27, 37]	31.21
[27, 44]	116.79
[27, 49]	15.16
[27, 60]	24.39
[27, 72]	5.21
[27, 76]	34.81
[27, 80]	42.46
[28, 0]	44.62
[28, 1]	12.94
[28, 9]	30.97
[28, 10]	22.55
[28, 14]	25.66
[28, 16]	14.81
[28, 31]	79.50
[28, 32]	14.83
[28, 37]	38.22
[28, 40]	12.80
[28, 44]	31.91
[28, 47]	70.34
[28, 48]	14.76
[28, 61]	49.19
[28, 64]	37.50
[28, 67]	13.89
[28, 81]	55.31
[28, 92]	22.45
[29, 0]	13.15
[29, 6]	8.52
[29, 9]	12.48
[29, 16]	6.88
[29, 19]	8.85
[29, 20]	10.68
[29, 31]	36.90
[29, 32]	20.30
[29, 38]	35.58
[29, 39]	37.47
[29, 44]	17.79
[29, 53]	40.87
[29, 58]	22.86
[29, 69]	6.68
[29, 71]	18.27
[29, 79]	30.76
[29, 81]	25.67
[29, 83]	12.36
[30, 0]	4.66
[30, 1]	12.69
[30, 6]	65.66
[30, 8]	66.28
[30, 9]	61.55
[30, 10]	47.05
[30, 11]	26.73
[30, 12]	81.97
[30, 14]	25.17
[30, 20]	26.49
[30, 22]	23.23
[30, 23]	52.41
[30, 24]	63.87
[30, 35]	40.27
[30, 36]	47.58
[30, 37]	36.36
[30, 38]	19.16
[30, 40]	12.56
[30, 45]	25.17
[30, 46]	69.86
[30, 48]	87.94
[30, 51]	10.00
[30, 52]	39.42
[30, 54]	54.87
[30, 55]	29.78
[30, 56]	23.50
[30, 58]	5.26
[30, 63]	29.84
[30, 70]	15.72
[30, 71]	62.24
[30, 75]	40.42
[30, 82]	14.69
[30, 83]	69.33
[30, 86]	25.56
[30, 87]	22.11
[30, 89]	37.41
[30, 90]	6.37
[30, 98]	70.73
[31, 0]	16.03
[31, 4]	6.83
[31, 6]	34.39
[31, 9]	16.52
[31, 14]	70.00
[31, 15]	5.20
[31, 16]	36.07
[31, 18]	44.92
[31, 19]	10.78
[31, 20]	13.02
[31, 22]	49.47
[31, 26]	17.40
[31, 28]	52.53
[31, 29]	21.28
[31, 31]	24.25
[31, 32]	105.30
[31, 37]	17.90
[31, 38]	5.14
[31, 44]	21.67
[31, 53]	32.64
[31, 54]	45.95
[31, 58]	27.84
[31, 60]	38.31
[31, 62]	46.44
[31, 63]	44.49
[31, 65]	4.63
[31, 66]	18.08
[31, 68]	37.27
[31, 69]	28.06
[31, 71]	59.22
[31, 81]	16.87
[31, 82]	38.68
[31, 90]	44.48
[31, 91]	61.15
[31, 92]	12.65
[31, 95]	67.76
[31, 99]	26.27
[32, 0]	16.10
[32, 6]	28.04
[32, 7]	50.32
[32, 8]	21.60
[32, 14]	30.05
[32, 23]	21.53
[32, 30]	6.77
[32, 35]	20.50
[32, 37]	11.07
[32, 46]	29.31
[32, 49]	46.92
[32, 54]	35.12
[32, 55]	70.72
[32, 56]	11.96
[32, 61]	53.14
[32, 86]	14.45
[32, 88]	29.32
[32, 92]	47.36
[32, 95]	29.56
[33, 10]	19.48
[33, 17]	9.30
[33, 23]	12.28
[33, 26]	62.93
[33, 28]	5.99
[33, 45]	4.56
[33, 52]	14.93
[33, 55]	11.69
[33, 58]	4.76
[33, 59]	5.97
[33, 60]	5.91
[33, 66]	42.10
[33, 73]	50.36
[33, 75]	15.72
[33, 78]	17.87
[33, 90]	5.76
[33, 97]	79.11
[33, 98]	33.10
[33, 99]	16.86
[34, 0]	92.49
[34, 9]	40.20
[34, 10]	9.32
[34, 16]	30.25
[34, 18]	87.15
[34, 20]	17.56
[34, 21]	31.65
[34, 32]	28.18
[34, 33]	73.55
[34, 43]	49.24
[34, 58]	59.91
[34, 60]	90.32
[34, 65]	11.49
[34, 69]	56.76
[34, 73]	13.76
[34, 75]	39.64
[34, 77]	45.34
[34, 83]	85.70
[34, 86]	12.34
[34, 90]	29.39
[34, 93]	11.49
[34, 94]	83.51
[35, 0]	16.92
[35, 2]	40.28
[35, 3]	37.00
[35, 5]	18.95
[35, 6]	9.39
[35, 10]	7.32
[35, 11]	42.78
[35, 16]	63.61
[35, 18]	68.47
[35, 19]	47.14
[35, 20]	60.63
[35, 22]	7.85
[35, 26]	45.58
[35, 27]	63.68
[35, 28]	33.59
[35, 29]	13.72
[35, 37]	88.91
[35, 43]	25.84
[35, 44]	101.69
[35, 46]	33.23
[35, 50]	8.33
[35, 52]	5.84
[35, 53]	47.86
[35, 55]	6.12
[35, 57]	45.73
[35, 58]	47.07
[35, 60]	76.96
[35, 61]	13.55
[35, 65]	9.03
[35, 67]	25.23
[35, 70]	3.27
[35, 71]	14.45
[35, 72]	42.57
[35, 73]	70.42
[35, 75]	26.32
[35, 79]	32.93
[35, 83]	79.43
[35, 85]	25.55
[35, 87]	6.45
[35, 91]	50.20
[35, 93]	9.03
[35, 98]	17.42
[35, 99]	60.31
[36, 6]	41.91
[36, 8]	15.23
[36, 11]	17.06
[36, 12]	13.61
[36, 23]	19.71
[36, 37]	23.21
[36, 45]	12.85
[36, 48]	20.01
[36, 52]	14.82
[36, 63]	19.05
[36, 71]	39.73
[36, 75]	15.20
[36, 86]	9.61
[36, 87]	8.32
[36, 89]	14.07
[37, 11]	9.59
[37, 23]	28.35
[37, 37]	55.08
[37, 49]	61.80
[37, 54]	46.25
[37, 57]	20.83
[37, 61]	69.98
[37, 67]	11.50
[37, 73]	32.08
[37, 86]	19.04
[37, 92]	62.37
[37, 99]	27.47
[38, 3]	12.54
[38, 6]	24.60
[38, 12]	35.68
[38, 16]	4.77
[38, 17]	13.62
[38, 21]	35.70
[38, 23]	37.84
[38, 24]	47.88
[38, 28]	37.57
[38, 29]	59.90
[38, 32]	6.84
[38, 50]	29.22
[38, 52]	46.02
[38, 54]	6.95
[38, 55]	36.04
[38, 57]	23.24
[38, 59]	18.41
[38, 60]	22.84
[38, 63]	6.73
[38, 68]	11.70
[38, 73]	59.46
[38, 75]	48.46
[38, 77]	59.82
[38, 81]	11.37
[38, 82]	55.20
[38, 85]	70.86
[39, 3]	32.00
[39, 9]	54.44
[39, 12]	21.43
[39, 17]	16.77
[39, 27]	44.09
[39, 28]	10.80
[39, 29]	84.34
[39, 30]	72.41
[39, 31]	9.02
[39, 34]	23.27
[39, 35]	19.98
[39, 36]	16.60
[39, 42]	9.26
[39, 45]	35.92
[39, 55]	32.67
[39, 57]	13.96
[39, 60]	57.38
[39, 64]	40.50
[39, 68]	7.03
[39, 70]	20.92
[39, 73]	73.23
[39, 79]	64.02
[39, 81]	69.01
[39, 85]	59.44
[39, 86]	21.39
[39, 88]	40.49
[39, 90]	7.98
[39, 96]	25.26
[40, 1]	15.80
[40, 3]	44.44
[40, 10]	51.27
[40, 11]	34.08
[40, 12]	34.94
[40, 15]	13.59
[40, 16]	14.28
[40, 17]	18.05
[40, 19]	56.62
[40, 20]	59.10
[40, 23]	24.11
[40, 26]	54.75
[40, 29]	58.67
[40, 32]	20.46
[40, 33]	90.03
[40, 37]	12.40
[40, 41]	35.60
[40, 44]	101.51
[40, 46]	62.68
[40, 49]	52.57
[40, 52]	81.84
[40, 54]	60.13
[40, 56]	9.06
[40, 57]	22.76
[40, 60]	13.85
[40, 61]	75.81
[40, 63]	20.13
[40, 64]	79.52
[40, 67]	33.31
[40, 68]	11.46
[40, 72]	51.13
[40, 79]	39.56
[40, 80]	81.74
[40, 81]	11.14
[40, 83]	14.53
[40, 85]	100.09
[40, 86]	16.19
[40, 92]	53.05
[40, 96]	17.97
[40, 97]	12.93
[40, 98]	20.92
[41, 0]	9.95
[41, 10]	4.31
[41, 18]	40.25
[41, 20]	8.11
[41, 58]	27.67
[41, 60]	41.72
[41, 65]	5.31
[41, 77]	46.80
[41, 83]	39.58
[41, 90]	30.34
[41, 93]	5.31
[41, 94]	86.21
[42, 0]	76.22
[42, 8]	40.82
[42, 10]	11.37
[42, 18]	34.38
[42, 20]	6.93
[42, 21]	41.86
[42, 22]	31.21
[42, 43]	65.12
[42, 46]	4.09
[42, 50]	16.44
[42, 52]	12.29
[42, 54]	18.35
[42, 58]	23.63
[42, 60]	35.63
[42, 65]	4.53
[42, 69]	75.07
[42, 73]	18.20
[42, 83]	33.81
[42, 86]	16.32
[42, 93]	4.53
[43, 0]	48.57
[43, 1]	41.33
[43, 3]	13.30
[43, 4]	67.01
[43, 7]	26.19
[43, 9]	12.62
[43, 10]	49.67
[43, 15]	20.12
[43, 19]	40.65
[43, 22]	10.68
[43, 24]	31.54
[43, 25]	55.45
[43, 30]	45.55
[43, 31]	6.33
[43, 37]	22.25
[43, 39]	19.62
[43, 41]	135.05
[43, 43]	3.25
[43, 44]	124.64
[43, 46]	33.86
[43, 49]	27.68
[43, 51]	46.09
[43, 52]	79.29
[43, 60]	5.05
[43, 61]	44.74
[43, 62]	14.03
[43, 67]	49.32
[43, 69]	15.31
[43, 73]	28.12
[43, 78]	23.26
[43, 81]	11.13
[43, 83]	96.81
[43, 84]	12.85
[43, 85]	15.59
[43, 87]	50.98
[43, 90]	14.01
[43, 96]	41.85
[44, 3]	11.66
[44, 4]	70.30
[44, 7]	27.48
[44, 8]	52.65
[44, 9]	7.46
[44, 19]	42.64
[44, 24]	33.08
[44, 25]	58.17
[44, 30]	47.79
[44, 31]	5.54
[44, 37]	23.34
[44, 38]	2.32
[44, 39]	20.59
[44, 41]	86.39
[44, 43]	66.19
[44, 44]	64.88
[44, 46]	6.51
[44, 60]	4.42
[44, 73]	29.50
[44, 83]	71.87
[44, 84]	11.26
[44, 85]	13.66
[44, 90]	12.28
[44, 93]	23.45
[44, 96]	15.99
[45, 3]	8.84
[45, 6]	17.34
[45, 10]	17.23
[45, 12]	32.17
[45, 19]	76.90
[45, 21]	35.40
[45, 24]	33.76
[45, 28]	20.30
[45, 29]	54.02
[45, 31]	18.01
[45, 32]	34.61
[45, 50]	20.60
[45, 53]	82.69
[45, 57]	20.95
[45, 60]	40.68
[45, 62]	4.39
[45, 68]	10.55
[45, 72]	8.69
[45, 76]	60.12
[45, 77]	42.17
[45, 79]	76.49
[45, 80]	70.82
[45, 81]	10.25
[45, 82]	38.92
[45, 83]	52.32
[45, 85]	63.90
[45, 93]	36.39
[46, 0]	132.04
[46, 1]	39.64
[46, 3]	18.72
[46, 9]	24.72
[46, 10]	47.78
[46, 11]	11.00
[46, 12]	55.12
[46, 19]	23.85
[46, 20]	23.70
[46, 22]	51.79
[46, 24]	54.42
[46, 26]	23.06
[46, 31]	21.43
[46, 34]	9.29
[46, 36]	6.62
[46, 37]	15.56
[46, 43]	15.78
[46, 44]	37.89
[46, 46]	99.02
[46, 47]	28.65
[46, 48]	24.39
[46, 49]	97.57
[46, 51]	44.20
[46, 54]	66.05
[46, 55]	35.85
[46, 59]	26.94
[46, 61]	69.80
[46, 62]	72.37
[46, 63]	67.64
[46, 64]	15.27
[46, 72]	21.54
[46, 76]	2.04
[46, 78]	22.30
[46, 79]	16.66
[46, 81]	70.39
[46, 83]	48.39
[46, 85]	15.39
[46, 87]	48.89
[46, 88]	8.21
[46, 90]	3.19
[46, 96]	10.08
[46, 98]	8.81
[47, 0]	16.88
[47, 1]	45.96
[47, 8]	42.23
[47, 12]	8.32
[47, 14]	91.17
[47, 15]	6.05
[47, 19]	12.80
[47, 21]	1.70
[47, 22]	32.29
[47, 32]	5.76
[47, 40]	45.49
[47, 41]	15.86
[47, 44]	18.90
[47, 48]	52.43
[47, 50]	17.01
[47, 54]	18.99
[47, 60]	6.77
[47, 67]	14.84
[47, 68]	7.72
[47, 72]	1.45
[47, 76]	9.66
[47, 80]	11.79
[47, 83]	34.57
[47, 93]	19.62
[47, 96]	8.01
[48, 4]	12.36
[48, 7]	61.62
[48, 9]	54.28
[48, 11]	15.23
[48, 12]	23.03
[48, 14]	30.03
[48, 15]	8.87
[48, 16]	17.71
[48, 21]	17.23
[48, 27]	43.96
[48, 29]	25.05
[48, 30]	51.83
[48, 32]	69.94
[48, 34]	14.08
[48, 35]	29.13
[48, 37]	37.22
[48, 39]	6.34
[48, 54]	25.79
[48, 58]	72.23
[48, 60]	17.18
[48, 63]	24.97
[48, 64]	40.39
[48, 65]	22.97
[48, 70]	10.84
[48, 73]	22.47
[48, 77]	43.80
[48, 79]	33.16
[48, 81]	32.21
[48, 82]	24.61
[48, 84]	42.93
[48, 85]	10.66
[48, 97]	41.10
[48, 98]	23.13
[48, 99]	49.42
[49, 4]	26.88
[49, 6]	13.27
[49, 15]	24.68
[49, 18]	40.71
[49, 22]	34.77
[49, 23]	15.92
[49, 37]	8.19
[49, 41]	11.04
[49, 43]	10.60
[49, 44]	13.15
[49, 49]	94.15
[49, 54]	25.98
[49, 60]	30.33
[49, 61]	39.31
[49, 62]	45.67
[49, 67]	10.33
[49, 86]	10.69
[49, 92]	35.03
[49, 96]	5.57
[50, 4]	17.92
[50, 6]	8.85
[50, 8]	48.22
[50, 15]	13.65
[50, 18]	54.03
[50, 22]	7.22
[50, 35]	45.76
[50, 37]	13.92
[50, 56]	26.71
[50, 60]	20.22
[50, 62]	36.10
[50, 68]	28.97
[50, 82]	30.07
[50, 92]	9.83
[50, 99]	20.43
[51, 6]	38.80
[51, 8]	9.82
[51, 10]	22.12
[51, 11]	11.01
[51, 12]	52.07
[51, 16]	79.73
[51, 19]	73.60
[51, 21]	9.79
[51, 24]	39.19
[51, 27]	79.82
[51, 29]	20.79
[51, 31]	10.40
[51, 32]	33.12
[51, 33]	61.95
[51, 34]	26.83
[51, 36]	19.14
[51, 37]	14.98
[51, 44]	65.79
[51, 45]	8.29
[51, 46]	60.56
[51, 48]	17.56
[51, 54]	47.56
[51, 55]	25.81
[51, 57]	8.07
[51, 60]	38.93
[51, 63]	12.29
[51, 64]	54.71
[51, 68]	4.06
[51, 71]	25.63
[51, 72]	8.32
[51, 76]	55.57
[51, 80]	124.03
[51, 81]	3.95
[51, 83]	30.44
[51, 85]	31.72
[51, 88]	23.71
[51, 90]	9.20
[51, 96]	29.12
[51, 97]	8.90
[52, 0]	26.73
[52, 1]	70.39
[52, 2]	33.89
[52, 8]	17.01
[52, 11]	35.52
[52, 17]	80.45
[52, 20]	12.65
[52, 25]	35.02
[52, 27]	15.25
[52, 35]	16.15
[52, 53]	45.29
[52, 56]	49.81
[52, 59]	10.40
[52, 63]	26.11
[52, 71]	12.15
[52, 81]	23.06
[52, 88]	16.66
[52, 95]	25.79
[53, 0]	26.90
[53, 3]	22.76
[53, 6]	61.34
[53, 7]	68.13
[53, 8]	4.21
[53, 9]	17.68
[53, 11]	4.71
[53, 16]	13.30
[53, 19]	12.25
[53, 20]	14.80
[53, 30]	9.17
[53, 32]	12.39
[53, 33]	32.34
[53, 35]	14.21
[53, 37]	6.41
[53, 42]	6.58
[53, 44]	24.64
[53, 45]	29.10
[53, 46]	39.68
[53, 53]	18.46
[53, 55]	72.94
[53, 58]	31.65
[53, 60]	40.81
[53, 63]	5.26
[53, 71]	36.28
[53, 75]	17.43
[53, 86]	15.22
[53, 88]	14.17
[54, 0]	22.96
[54, 1]	14.66
[54, 2]	64.43
[54, 3]	45.42
[54, 9]	46.76
[54, 10]	44.04
[54, 12]	15.02
[54, 16]	35.19
[54, 22]	4.54
[54, 23]	21.75
[54, 28]	29.41
[54, 29]	11.92
[54, 31]	126.41
[54, 32]	73.18
[54, 33]	85.56
[54, 38]	87.99
[54, 46]	52.12
[54, 48]	32.57
[54, 51]	13.18
[54, 52]	16.36
[54, 60]	17.23
[54, 61]	46.03
[54, 62]	85.58
[54, 63]	57.93
[54, 69]	11.60
[54, 71]	11.49
[54, 75]	62.89
[54, 76]	30.24
[54, 79]	61.24
[54, 83]	21.45
[54, 84]	94.90
[54, 85]	89.95
[54, 86]	10.61
[54, 87]	9.18
[54, 89]	15.53
[54, 90]	47.82
[54, 91]	34.24
[55, 0]	16.14
[55, 1]	11.83
[55, 10]	6.98
[55, 14]	19.04
[55, 15]	25.89
[55, 18]	65.29
[55, 20]	42.28
[55, 22]	25.53
[55, 23]	19.70
[55, 27]	30.48
[55, 35]	7.37
[55, 36]	52.31
[55, 41]	67.84
[55, 42]	29.79
[55, 44]	96.14
[55, 53]	33.65
[55, 55]	14.59
[55, 58]	44.88
[55, 60]	88.79
[55, 63]	10.61
[55, 65]	8.61
[55, 67]	63.48
[55, 77]	22.27
[55, 83]	78.91
[55, 93]	8.61
[55, 95]	30.41
[55, 96]	34.24
[55, 98]	37.55
[56, 0]	16.49
[56, 2]	42.59
[56, 9]	33.58
[56, 10]	12.15
[56, 12]	20.29
[56, 16]	25.27
[56, 17]	33.91
[56, 19]	26.48
[56, 22]	37.57
[56, 32]	23.54
[56, 33]	85.74
[56, 41]	23.42
[56, 43]	11.45
[56, 49]	64.22
[56, 50]	79.77
[56, 55]	93.59
[56, 59]	35.99
[56, 62]	59.90
[56, 68]	68.40
[56, 74]	39.96
[56, 75]	33.12
[56, 79]	33.52
[56, 82]	42.13
[56, 86]	7.48
[56, 93]	24.67
[57, 6]	62.17
[57, 8]	3.53
[57, 24]	10.75
[57, 37]	7.71
[57, 39]	54.04
[57, 44]	15.46
[57, 49]	3.75
[57, 70]	11.93
[58, 2]	49.90
[58, 9]	55.47
[58, 27]	44.92
[58, 31]	45.52
[58, 46]	20.72
[58, 61]	35.65
[58, 62]	32.31
[58, 63]	23.49
[58, 64]	41.27
[58, 84]	39.52
[58, 85]	39.35
[59, 0]	34.61
[59, 4]	24.90
[59, 5]	73.27
[59, 6]	35.72
[59, 12]	9.60
[59, 14]	45.15
[59, 19]	23.27
[59, 20]	28.11
[59, 22]	20.69
[59, 23]	26.50
[59, 25]	28.25
[59, 26]	52.86
[59, 28]	17.17
[59, 32]	38.75
[59, 41]	11.09
[59, 44]	46.81
[59, 49]	39.29
[59, 50]	37.77
[59, 52]	32.22
[59, 53]	45.65
[59, 55]	69.55
[59, 58]	60.13
[59, 59]	12.89
[59, 60]	12.75
[59, 68]	32.39
[59, 71]	71.91
[59, 75]	33.93
[59, 79]	15.87
[59, 86]	24.54
[59, 89]	78.48
[59, 90]	28.69
[59, 92]	24.84
[59, 95]	43.71
[60, 4]	51.64
[60, 7]	20.18
[60, 19]	31.32
[60, 24]	24.30
[60, 25]	42.73
[60, 30]	35.10
[60, 37]	17.14
[60, 39]	15.12
[60, 41]	63.45
[60, 44]	47.65
[60, 73]	21.67
[60, 83]	52.79
[60, 96]	11.74
[61, 0]	78.18
[61, 1]	43.32
[61, 9]	13.23
[61, 14]	50.92
[61, 29]	44.29
[61, 44]	12.36
[61, 49]	9.88
[61, 51]	48.30
[61, 55]	57.62
[61, 61]	46.88
[61, 66]	41.98
[61, 71]	23.00
[61, 72]	40.66
[61, 78]	24.37
[61, 81]	11.67
[61, 83]	52.43
[61, 87]	53.42
[61, 88]	49.69
[62, 4]	2.90
[62, 7]	14.47
[62, 8]	46.36
[62, 15]	2.08
[62, 20]	18.81
[62, 28]	27.11
[62, 29]	11.07
[62, 37]	8.74
[62, 43]	79.14
[62, 53]	75.04
[62, 56]	32.26
[62, 58]	16.96
[62, 65]	5.39
[62, 75]	40.07
[62, 77]	60.78
[62, 79]	61.12
[62, 83]	41.81
[62, 90]	32.73
[62, 91]	40.51
[62, 92]	39.43
[62, 93]	49.73
[62, 94]	93.01
[62, 97]	9.65
[62, 99]	11.61
[63, 4]	42.75
[63, 6]	16.66
[63, 7]	44.89
[63, 12]	19.96
[63, 15]	32.17
[63, 18]	51.12
[63, 22]	47.59
[63, 31]	13.70
[63, 33]	25.99
[63, 34]	35.35
[63, 36]	25.21
[63, 37]	27.12
[63, 39]	17.95
[63, 42]	28.41
[63, 54]	19.69
[63, 55]	30.28
[63, 56]	27.10
[63, 58]	52.62
[63, 60]	38.09
[63, 65]	16.73
[63, 69]	13.17
[63, 70]	56.27
[63, 77]	31.91
[63, 82]	51.11
[63, 85]	9.38
[63, 86]	60.08
[63, 88]	31.24
[63, 90]	12.12
[63, 96]	38.36
[63, 97]	29.95
[63, 98]	82.17
[63, 99]	36.00
[64, 0]	29.00
[64, 10]	17.73
[64, 14]	54.12
[64, 15]	25.08
[64, 33]	8.18
[64, 39]	5.65
[64, 41]	65.72
[64, 42]	8.94
[64, 44]	78.30
[64, 45]	4.15
[64, 55]	70.78
[64, 56]	8.52
[64, 58]	4.33
[64, 67]	61.49
[64, 69]	4.14
[64, 70]	17.70
[64, 86]	18.90
[64, 88]	52.81
[64, 90]	5.24
[64, 96]	33.17
[64, 98]	30.12
[65, 0]	22.12
[65, 1]	19.55
[65, 9]	45.05
[65, 10]	33.29
[65, 14]	31.45
[65, 16]	33.90
[65, 26]	52.90
[65, 27]	50.37
[65, 28]	25.56
[65, 29]	10.44
[65, 30]	42.70
[65, 32]	53.47
[65, 33]	82.42
[65, 42]	49.22
[65, 43]	19.67
[65, 44]	25.30
[65, 53]	64.05
[65, 60]	34.90
[65, 63]	17.54
[65, 66]	35.39
[65, 67]	20.51
[65, 73]	8.19
[65, 75]	44.42
[65, 77]	36.80
[65, 78]	15.02
[65, 91]	38.20
[65, 92]	33.15
[65, 97]	66.50
[65, 99]	14.17
[66, 1]	17.68
[66, 8]	41.88
[66, 11]	39.63
[66, 12]	23.76
[66, 14]	28.44
[66, 18]	33.57
[66, 22]	32.02
[66, 27]	45.55
[66, 29]	29.77
[66, 35]	37.18
[66, 39]	6.54
[66, 41]	32.41
[66, 42]	44.51
[66, 44]	22.88
[66, 50]	16.87
[66, 53]	84.53
[66, 54]	18.83
[66, 56]	8.99
[66, 60]	31.56
[66, 63]	15.86
[66, 66]	35.27
[66, 77]	33.28
[66, 84]	12.45
[66, 93]	41.57
[66, 99]	51.99
[67, 3]	31.54
[67, 8]	12.96
[67, 11]	18.53
[67, 16]	13.58
[67, 19]	40.19
[67, 20]	39.93
[67, 24]	39.49
[67, 26]	38.86
[67, 32]	19.47
[67, 37]	28.32
[67, 44]	98.71
[67, 46]	25.12
[67, 49]	13.76
[67, 54]	19.78
[67, 60]	13.18
[67, 61]	11.56
[67, 63]	19.16
[67, 72]	36.29
[67, 79]	28.08
[67, 83]	10.31
[67, 85]	21.79
[67, 98]	14.85
[68, 10]	59.81
[68, 11]	20.46
[68, 14]	70.36
[68, 26]	31.52
[68, 29]	14.04
[68, 34]	18.92
[68, 39]	30.22
[68, 66]	13.31
[68, 71]	7.29
[68, 73]	30.18
[68, 82]	33.05
[68, 87]	27.60
[68, 92]	16.45
[68, 98]	31.06
[69, 11]	13.12
[69, 30]	88.07
[69, 37]	55.44
[69, 57]	28.51
[69, 67]	15.73
[69, 73]	43.91
[69, 99]	37.60
[70, 0]	66.99
[70, 1]	57.02
[70, 9]	17.41
[70, 12]	44.77
[70, 16]	5.99
[70, 23]	45.36
[70, 29]	28.79
[70, 32]	8.58
[70, 37]	2.75
[70, 48]	40.61
[70, 49]	24.68
[70, 51]	63.57
[70, 52]	30.09
[70, 54]	17.46
[70, 57]	11.17
[70, 60]	5.81
[70, 61]	74.93
[70, 63]	8.45
[70, 68]	5.62
[70, 69]	5.99
[70, 75]	30.85
[70, 78]	32.08
[70, 81]	20.82
[70, 83]	11.07
[70, 85]	34.06
[70, 86]	23.10
[70, 87]	87.20
[70, 89]	28.55
[70, 92]	11.78
[71, 0]	62.81
[71, 1]	53.46
[71, 2]	22.75
[71, 4]	33.75
[71, 6]	16.66
[71, 9]	16.32
[71, 15]	25.70
[71, 18]	51.12
[71, 26]	12.78
[71, 29]	29.22
[71, 31]	37.09
[71, 34]	42.16
[71, 36]	30.07
[71, 46]	9.45
[71, 49]	12.20
[71, 51]	59.60
[71, 60]	38.09
[71, 61]	74.12
[71, 62]	14.73
[71, 63]	10.71
[71, 65]	3.41
[71, 66]	13.28
[71, 69]	20.61
[71, 70]	12.64
[71, 78]	30.08
[71, 79]	38.69
[71, 81]	51.97
[71, 84]	18.02
[71, 85]	24.16
[71, 87]	65.93
[71, 88]	37.26
[71, 90]	14.46
[71, 96]	45.75
[72, 1]	25.61
[72, 2]	13.59
[72, 4]	6.40
[72, 6]	3.16
[72, 10]	35.99
[72, 11]	12.92
[72, 15]	4.87
[72, 16]	4.82
[72, 17]	29.26
[72, 18]	30.80
[72, 19]	8.45
[72, 20]	4.60
[72, 22]	5.67
[72, 29]	16.05
[72, 31]	25.89
[72, 33]	7.75
[72, 36]	32.08
[72, 37]	10.93
[72, 43]	23.85
[72, 45]	14.52
[72, 46]	19.15
[72, 52]	57.46
[72, 56]	14.69
[72, 60]	7.22
[72, 62]	31.71
[72, 68]	22.75
[72, 69]	7.52
[72, 70]	6.94
[72, 74]	12.75
[72, 79]	21.25
[72, 81]	38.65
[72, 82]	23.61
[72, 83]	13.91
[72, 86]	2.39
[72, 91]	31.78
[72, 92]	7.72
[72, 99]	16.04
[74, 24]	24.49
[74, 33]	38.35
[74, 51]	13.13
[74, 64]	33.87
[74, 70]	20.63
[74, 80]	34.81
[74, 82]	19.28
[74, 83]	44.91
[74, 97]	5.51
[75, 0]	5.66
[75, 4]	19.72
[75, 6]	9.73
[75, 10]	51.17
[75, 12]	15.57
[75, 15]	15.02
[75, 18]	52.79
[75, 20]	4.62
[75, 22]	15.70
[75, 32]	32.04
[75, 41]	17.97
[75, 43]	4.79
[75, 49]	26.84
[75, 50]	61.21
[75, 53]	86.80
[75, 55]	71.82
[75, 58]	15.76
[75, 60]	46.01
[75, 62]	20.62
[75, 65]	3.02
[75, 67]	30.01
[75, 68]	52.49
[75, 79]	106.01
[75, 83]	77.46
[75, 92]	48.51
[75, 93]	41.22
[76, 1]	10.94
[76, 11]	5.52
[76, 15]	3.68
[76, 17]	12.50
[76, 20]	1.97
[76, 23]	30.16
[76, 35]	11.29
[76, 41]	9.65
[76, 44]	11.50
[76, 55]	22.34
[76, 56]	6.27
[76, 67]	9.03
[76, 83]	22.52
[76, 95]	46.57
[76, 96]	4.87
[77, 8]	20.47
[77, 12]	4.57
[77, 35]	19.43
[77, 41]	5.28
[77, 50]	17.99
[77, 55]	21.11
[77, 56]	11.34
[77, 68]	15.43
[77, 79]	7.56
[78, 4]	71.15
[78, 7]	27.81
[78, 12]	22.46
[78, 19]	43.15
[78, 21]	3.44
[78, 23]	13.30
[78, 24]	33.48
[78, 25]	58.87
[78, 30]	58.70
[78, 32]	8.89
[78, 35]	5.81
[78, 37]	30.46
[78, 39]	20.83
[78, 41]	110.58
[78, 44]	65.66
[78, 48]	33.20
[78, 49]	28.99
[78, 50]	78.88
[78, 54]	21.70
[78, 55]	92.54
[78, 57]	44.22
[78, 61]	32.83
[78, 68]	69.86
[78, 71]	46.30
[78, 73]	29.85
[78, 74]	11.39
[78, 79]	33.14
[78, 83]	82.70
[78, 84]	6.15
[78, 86]	8.93
[78, 92]	29.26
[78, 93]	5.66
[78, 96]	16.18
[79, 6]	50.18
[79, 10]	67.43
[79, 20]	34.97
[79, 21]	28.01
[79, 24]	7.48
[79, 29]	19.56
[79, 32]	44.34
[79, 36]	37.44
[79, 59]	8.88
[79, 67]	85.26
[79, 88]	31.26
[79, 92]	67.14
[80, 5]	40.04
[80, 10]	45.11
[80, 22]	27.39
[80, 28]	70.10
[80, 29]	28.40
[80, 32]	20.49
[80, 38]	31.99
[80, 46]	24.00
[80, 50]	17.59
[80, 52]	72.01
[80, 55]	12.94
[80, 75]	45.02
[80, 79]	31.06
[80, 91]	81.60
[81, 0]	69.22
[81, 4]	69.39
[81, 7]	59.69
[81, 10]	23.82
[81, 12]	42.74
[81, 15]	6.25
[81, 19]	42.08
[81, 21]	42.78
[81, 24]	99.02
[81, 25]	57.41
[81, 26]	7.20
[81, 29]	9.69
[81, 30]	47.16
[81, 34]	16.20
[81, 36]	80.33
[81, 37]	23.04
[81, 39]	20.32
[81, 41]	101.63
[81, 43]	126.27
[81, 44]	83.54
[81, 45]	53.92
[81, 46]	65.21
[81, 48]	18.91
[81, 54]	51.22
[81, 55]	27.79
[81, 56]	17.82
[81, 57]	4.97
[81, 58]	5.44
[81, 65]	2.46
[81, 66]	9.18
[81, 67]	15.32
[81, 69]	76.73
[81, 71]	5.03
[81, 73]	47.71
[81, 77]	14.88
[81, 82]	14.28
[81, 83]	103.70
[81, 86]	16.68
[81, 88]	7.39
[81, 91]	79.56
[81, 96]	24.05
[82, 0]	78.27
[82, 9]	40.55
[82, 10]	47.90
[82, 19]	33.68
[82, 26]	28.27
[82, 27]	32.84
[82, 28]	55.27
[82, 39]	56.30
[82, 40]	19.77
[82, 45]	8.77
[82, 50]	29.37
[82, 53]	79.74
[82, 58]	9.15
[82, 59]	30.46
[82, 63]	76.48
[82, 64]	86.41
[82, 79]	73.76
[82, 81]	67.52
[82, 83]	50.45
[82, 85]	7.97
[82, 87]	42.13
[82, 90]	11.07
[82, 91]	5.37
[82, 93]	35.09
[82, 95]	17.75
[82, 97]	23.65
[82, 98]	63.62
[83, 3]	10.32
[83, 11]	6.06
[83, 12]	11.38
[83, 16]	4.86
[83, 19]	13.15
[83, 20]	13.06
[83, 23]	25.19
[83, 26]	12.71
[83, 32]	6.97
[83, 35]	9.43
[83, 41]	13.15
[83, 44]	13.72
[83, 46]	19.24
[83, 50]	44.77
[83, 52]	17.11
[83, 54]	7.08
[83, 55]	71.18
[83, 60]	22.29
[83, 61]	3.78
[83, 63]	6.85
[83, 68]	38.39
[83, 70]	9.57
[83, 72]	11.87
[83, 75]	14.66
[83, 77]	5.11
[83, 79]	27.99
[83, 83]	22.18
[83, 85]	7.13
[83, 87]	18.90
[83, 90]	3.31
[83, 94]	9.41
[83, 95]	38.89
[83, 98]	4.86
[84, 10]	8.55
[84, 16]	28.82
[84, 19]	27.53
[84, 26]	23.11
[84, 28]	45.18
[84, 32]	41.30
[84, 39]	46.02
[84, 50]	24.01
[84, 54]	41.96
[84, 60]	27.95
[84, 63]	40.64
[84, 64]	45.97
[84, 87]	34.44
[84, 97]	19.33
[85, 0]	87.10
[85, 2]	70.48
[85, 4]	39.98
[85, 11]	4.03
[85, 14]	7.95
[85, 20]	42.55
[85, 24]	91.03
[85, 25]	116.94
[85, 34]	3.73
[85, 36]	44.28
[85, 64]	40.99
[85, 73]	5.94
[85, 82]	6.51
[85, 91]	21.64
[85, 92]	39.88
[85, 98]	6.12
[86, 0]	10.88
[86, 2]	8.80
[86, 4]	3.73
[86, 7]	18.59
[86, 11]	78.03
[86, 15]	2.68
[86, 20]	5.31
[86, 24]	11.37
[86, 25]	8.94
[86, 32]	15.20
[86, 35]	73.21
[86, 36]	5.53
[86, 37]	11.23
[86, 38]	23.73
[86, 41]	63.82
[86, 56]	17.70
[86, 58]	21.80
[86, 64]	5.12
[86, 65]	6.93
[86, 77]	13.22
[86, 79]	23.04
[86, 91]	2.70
[86, 93]	81.85
[86, 97]	12.40
[86, 99]	14.91
[87, 0]	19.30
[87, 12]	21.42
[87, 14]	36.03
[87, 18]	19.92
[87, 22]	5.35
[87, 26]	10.76
[87, 30]	21.29
[87, 34]	12.43
[87, 37]	10.31
[87, 39]	2.23
[87, 55]	40.77
[87, 62]	26.75
[87, 68]	33.82
[87, 82]	22.28
[87, 83]	55.30
[87, 84]	11.87
[87, 88]	35.15
[87, 92]	7.29
[87, 93]	31.38
[87, 99]	15.14
[88, 8]	37.46
[88, 9]	31.09
[88, 12]	7.07
[88, 17]	16.94
[88, 22]	16.86
[88, 28]	10.91
[88, 38]	9.68
[88, 43]	47.10
[88, 54]	6.98
[88, 69]	18.65
[88, 73]	73.98
[88, 82]	18.11
[88, 83]	34.49
[88, 93]	16.69
[88, 98]	29.12
[89, 7]	21.84
[89, 8]	49.42
[89, 11]	19.46
[89, 14]	38.36
[89, 26]	50.97
[89, 31]	9.56
[89, 34]	42.65
[89, 35]	46.90
[89, 36]	17.59
[89, 53]	30.05
[89, 56]	27.37
[89, 66]	34.09
[89, 73]	36.59
[89, 78]	14.47
[89, 82]	31.43
[89, 85]	6.55
[89, 88]	21.80
[89, 90]	8.46
[89, 92]	13.36
[89, 96]	26.77
[89, 97]	75.24
[89, 98]	29.54
[89, 99]	13.65
[90, 4]	32.61
[90, 8]	26.55
[90, 10]	22.43
[90, 11]	21.07
[90, 12]	16.58
[90, 17]	62.61
[90, 20]	20.26
[90, 25]	37.00
[90, 33]	37.41
[90, 35]	25.19
[90, 37]	89.01
[90, 41]	19.14
[90, 50]	65.20
[90, 55]	76.50
[90, 56]	49.46
[90, 57]	45.78
[90, 59]	66.45
[90, 64]	33.04
[90, 67]	25.26
[90, 68]	55.91
[90, 69]	4.12
[90, 73]	70.50
[90, 75]	43.17
[90, 79]	27.39
[90, 80]	33.96
[90, 82]	77.79
[90, 83]	7.62
[90, 92]	75.01
[90, 93]	45.55
[90, 97]	5.37
[90, 99]	60.37
[91, 1]	5.30
[91, 3]	23.35
[91, 6]	23.04
[91, 12]	4.11
[91, 21]	33.44
[91, 22]	9.80
[91, 24]	44.85
[91, 28]	26.98
[91, 33]	7.20
[91, 39]	4.97
[91, 42]	7.87
[91, 46]	29.10
[91, 50]	27.37
[91, 54]	4.05
[91, 55]	8.39
[91, 56]	7.51
[91, 66]	49.55
[91, 69]	3.65
[91, 70]	15.59
[91, 77]	56.03
[91, 82]	62.23
[91, 86]	16.65
[91, 98]	16.93
[92, 3]	6.41
[92, 6]	107.78
[92, 8]	12.71
[92, 11]	14.24
[92, 31]	3.05
[92, 37]	19.38
[92, 39]	63.28
[92, 45]	10.72
[92, 46]	3.58
[92, 60]	2.43
[92, 63]	15.90
[92, 70]	13.97
[92, 71]	33.16
[92, 84]	6.20
[92, 85]	7.51
[92, 90]	6.75
[93, 6]	67.48
[93, 9]	55.55
[93, 12]	20.61
[93, 20]	20.25
[93, 22]	41.89
[93, 23]	15.18
[93, 24]	25.57
[93, 27]	44.99
[93, 36]	36.37
[93, 39]	58.66
[93, 48]	15.41
[93, 51]	13.71
[93, 52]	11.42
[93, 54]	9.98
[93, 64]	41.32
[93, 69]	9.80
[93, 70]	34.49
[93, 75]	11.71
[93, 82]	46.05
[93, 83]	65.01
[93, 85]	10.91
[93, 86]	7.40
[93, 87]	6.41
[93, 89]	10.84
[93, 98]	67.78
[94, 5]	74.00
[94, 9]	58.31
[94, 10]	68.86
[94, 12]	60.77
[94, 24]	60.00
[94, 26]	53.39
[94, 27]	47.22
[94, 28]	17.34
[94, 31]	36.58
[94, 46]	107.65
[94, 48]	26.89
[94, 49]	39.68
[94, 52]	23.16
[94, 54]	72.83
[94, 55]	39.52
[94, 60]	23.79
[94, 62]	8.92
[94, 64]	43.38
[94, 70]	12.95
[94, 75]	19.85
[94, 76]	4.18
[94, 83]	46.61
[94, 85]	11.45
[94, 86]	24.79
[94, 87]	25.58
[94, 89]	79.27
[94, 95]	50.14
[95, 0]	107.29
[95, 10]	10.19
[95, 11]	14.90
[95, 14]	94.76
[95, 18]	95.24
[95, 20]	19.19
[95, 26]	22.86
[95, 34]	13.78
[95, 55]	73.99
[95, 58]	65.47
[95, 59]	18.96
[95, 60]	98.70
[95, 63]	47.61
[95, 65]	18.65
[95, 66]	23.75
[95, 69]	36.86
[95, 73]	21.98
[95, 81]	42.03
[95, 82]	24.07
[95, 83]	93.66
[95, 88]	63.80
[95, 93]	12.56
[95, 98]	22.62
[96, 3]	43.06
[96, 5]	10.75
[96, 10]	14.74
[96, 15]	21.87
[96, 19]	47.48
[96, 22]	4.45
[96, 26]	45.94
[96, 28]	77.90
[96, 30]	12.06
[96, 34]	7.04
[96, 35]	26.89
[96, 39]	79.36
[96, 41]	57.31
[96, 42]	12.46
[96, 44]	68.29
[96, 45]	48.35
[96, 50]	46.12
[96, 55]	47.45
[96, 60]	77.22
[96, 64]	79.27
[96, 67]	53.63
[96, 75]	12.09
[96, 84]	4.31
[96, 86]	28.79
[96, 87]	59.39
[96, 88]	26.81
[96, 96]	28.93
[96, 97]	33.34
[97, 2]	18.14
[97, 7]	12.31
[97, 8]	19.56
[97, 18]	27.23
[97, 22]	9.15
[97, 28]	59.31
[97, 29]	48.18
[97, 35]	18.56
[97, 53]	61.28
[97, 56]	10.83
[97, 66]	28.61
[97, 71]	6.51
[97, 91]	69.04
[97, 92]	7.53
[97, 97]	6.30
[97, 99]	42.18
[98, 3]	58.00
[98, 6]	10.30
[98, 11]	34.08
[98, 16]	69.78
[98, 19]	73.90
[98, 20]	73.43
[98, 26]	71.46
[98, 27]	69.85
[98, 44]	134.70
[98, 46]	46.20
[98, 61]	21.25
[98, 72]	66.74
[98, 79]	51.63
[98, 83]	18.97
[98, 85]	40.06
[98, 98]	27.31
[99, 0]	22.23
[99, 2]	17.99
[99, 6]	68.79
[99, 11]	14.09
[99, 20]	10.86
[99, 24]	23.23
[99, 25]	18.27
[99, 26]	40.82
[99, 36]	11.30
[99, 37]	59.54
[99, 39]	59.80
[99, 57]	30.62
[99, 64]	10.46
[99, 65]	10.88
[99, 66]	42.41
[99, 67]	16.90
[99, 69]	65.83
[99, 70]	13.20
[99, 73]	47.15
[99, 91]	5.52
[99, 99]	40.38
